  Success                               Starting point                                                              Result point                                     Starting Value       Result Value    
  False       [1.01996094e+00 5.85937500e-05 1.32929688e+00 3.68359375e+00]       [ 1.019800          -0.000000         1.386269          -0.000000          ]      -34066312780.76739      921362.1438992702   
                                                                                  [ 0.000000          0.000000          0.000000          0.000000           ]  
                                                                                [ 14880438945873226881135930245120.000000-76878291738331299840.0000003802722311948019303683457024.000000-6116106499287429.000000 ]
  False       [1.01952148e+00 3.07617188e-04 1.30439453e+00 3.99316406e+00]       [ 1.019611          -0.000000         1.412222          0.000000           ]      -33933351106.842377     927315.2918379565   
                                                                                  [ 0.000000          0.000000          0.000000          0.000000           ]  
                                                                                [ 46117121850060292096.000000-8403006424342.4462894371796118801072475265889730560.000000280625063161054016.000000 ]
  False       [1.02012207e+00 1.06201172e-03 1.33149414e+00 3.97509766e+00]       [ 1.019726          0.000000          1.376553          -0.000000          ]      -34060709752.884327     557411.7508079415   
                                                                                  [ 0.000000          0.000000          0.000000          0.000000           ]  
                                                                                [ 1014750555518697316961746944.0000001771772509505395.750000503119850965039352014233525765013504.000000-190639373163241734144.000000 ]
  False       [1.01877441e+00 5.61523438e-05 1.35786133e+00 3.89892578e+00]       [ 1.019855          -0.000000         1.345479          -0.000000          ]      -33912532553.79692      547763.9561116251   
                                                                                  [ 0.000000          0.000000          0.000000          0.000000           ]  
                                                                                [ 222814982211082951209239514005372928.000000-18939783797683916800.000000220586470965935931392.000000-3206658903704.622559 ]
  False       [1.01977051e+00 1.04980469e-04 1.39204102e+00 3.77587891e+00]       [ 1.019795          -0.000000         1.309581          -0.000000          ]      -33641016520.75243      550546.5520623638   
                                                                                  [ 0.000000          0.000000          0.000000          0.000000           ]  
                                                                                [ 94924414010737764969380303677161472.000000-906776547312293249024.00000043677655814730361602048.000000-17652473543339.632812 ]
  False       [1.02020996e+00 1.87988281e-04 1.36713867e+00 3.59326172e+00]       [ 1.019718          -0.000000         1.344237          0.000000           ]      -33936419279.70204      543322.1929495847   
                                                                                  [ 0.000000          0.000000          0.000000          0.000000           ]  
                                                                                [ 2120456426551398736131841327104.000000-767207079028376704.000000666759856073084484450389065728.000000146007132384798624.000000 ]
  False       [1.02047363e+00 7.69042969e-04 1.30219727e+00 3.61181641e+00]       [ 1.019381          0.000000          1.421280          0.000002           ]      -33708123263.18872      531897.0265965279   
                                                                                  [ 0.000000          0.000000          0.000000          0.000000           ]  
                                                                                [ 382056750211728921766749399941120.0000001048152504581001728.00000080550672870161664.000000206001930996.000305 ]
  False       [1.01959473e+00 9.35058594e-04 1.35200195e+00 3.49658203e+00]       [ 1.019765          -0.000000         1.363849          0.000000           ]      -34051358287.50261      696912.242034803    
                                                                                  [ 0.000000          0.000000          0.000000          0.000000           ]  
                                                                                [ 191025633218105126673301477131288576.000000-110080392151109959680.000000241163455157571014936079431106560.000000682450652049853056.000000 ]
  False       [1.02016602e+00 4.34570313e-04 1.38701172e+00 3.47167969e+00]       [ 1.019962          0.000000          1.326426          -0.000001          ]      -33742326632.673893     589312.8667088865   
                                                                                  [ 0.000000          0.000000          0.000000          0.000000           ]  
                                                                                [ 641665615795274774990278708309262336.00000078248835150980038656.0000007193887834386424832.000000-422934497891.205750 ]
  False       [1.01848145e+00 7.88574219e-04 1.39790039e+00 3.37353516e+00]       [ 1.019823          0.000000          1.318708          -0.000000          ]      -33732442871.99233      621924.1969260555   
                                                                                  [ 0.000000          0.000000          0.000000          0.000000           ]  
                                                                                [ 17669932562761472016384.0000004137256570657.9291993332447853440948301573593759744.000000-104550063196123.375000 ]
  False       [1.01928711e+00 3.46679687e-04 1.36298828e+00 3.34472656e+00]       [ 1.019796          -0.000000         1.355637          -0.000000          ]      -34057863792.153873     554790.6580182923   
                                                                                  [ 0.000000          0.000000          0.000000          0.000000           ]  
                                                                                [ 128352007568021964091736940248825856.000000-74675409189304656.00000046275699924064985640028862247075840.000000-204492508533791227904.000000 ]
  False       [1.01981445e+00 7.27539062e-04 1.33974609e+00 3.28027344e+00]       [ 1.019796          0.000000          1.381849          -0.000000          ]      -34075292076.93981      621305.9045600531   
                                                                                  [ 0.000000          0.000000          0.000000          0.000000           ]  
                                                                                [ 4024439976177180907888027132493824.00000024905313802934260.000000296894895589226048.000000-40581073216.115097 ]
  False       [1.01994629e+00 5.63964844e-04 1.32426758e+00 3.25048828e+00]       [ 1.019826          0.000000          1.399453          -0.000005          ]      -34009075632.281837     671975.0381577314   
                                                                                  [ -0.000000         -0.000000         0.000000          0.000000           ]  
                                                                                [ -12353577886966005760.000000-24765653145.632267129860998727162080.000000-294126581873.804749 ]
  False       [1.02025391e+00 8.10546875e-04 1.31464844e+00 3.08789062e+00]       [ 1.019793          -0.000000         1.410859          0.000000           ]      -33991359177.422558     576880.907835975    
                                                                                  [ 0.000000          0.000000          0.000000          0.000000           ]  
                                                                                [ 314168208833815186176829873455104.000000-307046383615691584.000000984652941754751011761684480.0000004019434491491976.000000 ]
  False       [1.02003418e+00 6.86035156e-04 1.37709961e+00 3.18115234e+00]       [ 1.019826          0.000000          1.345709          0.000000           ]      -33940524761.986065     726834.7407544896   
                                                                                  [ 0.000000          0.000000          0.000000          0.000000           ]  
                                                                                [ 1990401966309540567711744.000000108397704821642.3593754783740214971255070029217961869312.00000031522790073204297728.000000 ]
  False               [1.01963867 0.00177246 1.37587891 0.305957  ]               [ 1.019848          -0.000000         1.349978          0.000000           ]      -33953566621.524063     591774.134766404    
                                                                                  [ 0.000000          0.000000          0.000000          0.000000           ]  
                                                                                [ 1246746784803413492556079453700096.000000-789556173780774144.0000001724141840914411159552.0000002188502397208.080078 ]
  False       [1.01944824e+00 3.14941406e-04 1.34936523e+00 3.06787109e+00]       [ 1.019810          -0.000000         1.375518          -0.000000          ]      -34063901069.184486     588417.0055485959   
                                                                                  [ 0.000000          0.000000          0.000000          0.000000           ]  
                                                                                [ 7851466643294716320012411338752.000000-8048038524761426.0000002997768597191338275897344.000000-19268658217603.867188 ]
  False       [1.01878906e+00 5.66406250e-04 1.38789062e+00 3.03515625e+00]       [ 1.020156          0.000000          1.339501          -0.000000          ]      -33704841863.178467     580799.1377742412   
                                                                                  [ 0.000000          0.000000          0.000000          0.000000           ]  
                                                                                [ 3842506840615177042992829218947072.0000001765275912130503424.000000961857016064267998199808.000000-535676974595358.750000 ]
