  Success                               Starting point                                                              Result point                                     Starting Value       Result Value    
  False       [1.01996094e+00 5.85937500e-05 1.32929688e+00 3.68359375e+00]       [ 1.019967          -0.000000         1.386721          -0.000003          ]      -228800972026.7632      656283.1620197623   
                                                                                  [ 0.000000          0.000000          0.000000          0.000000           ]  
                                                                                [ 672080277237608.750000-23328876.207305  504622168753.791382-1413250.457885    ]
  False       [1.01952148e+00 3.07617188e-04 1.30439453e+00 3.99316406e+00]       [ 1.019924          -0.000004         1.412760          0.000000           ]      -227600225198.1702      595543.658798946    
                                                                                  [ -0.000000         -0.000000         0.000000          0.000000           ]  
                                                                                [ -80988698491877088.000000299696362186.35095211098998887687903232.000000515810905666.799805 ]
  False       [1.02012207e+00 1.06201172e-03 1.33149414e+00 3.97509766e+00]       [ 1.019745          0.000000          1.377017          -0.000004          ]      -226010516345.7534      650485.5228956619   
                                                                                  [ -0.000000         -0.000000         0.000000          0.000000           ]  
                                                                                [ -3411009143906513.000000-86334168162.990677592240265275.007568-939327.563462     ]
  False               [1.01990234 0.00243164 1.39238281 0.3904296 ]               [ 1.019991          -0.000000         1.304721          0.000000           ]      -226126934508.4814      781980.7429546294   
                                                                                  [ 0.000000          0.000000          0.000000          0.000000           ]  
                                                                                [ 3115525260272976361626338852864.000000-1633315171090213632.0000006328307029297960471414964224.00000029945321096757188.000000 ]
  False       [1.01979980e+00 1.35009766e-03 1.37163086e+00 3.87646484e+00]       [ 1.020139          0.000000          1.330155          -0.000003          ]      -225485050000.46826     693907.1524794142   
                                                                                  [ 0.000000          -0.000000         0.000000          0.000000           ]  
                                                                                [ 2620308600187987.000000-5475010.837175   3988510211006.155273-6096090.630766    ]
  False               [1.01955078 0.00155273 1.33417969 0.3845703 ]               [ 1.020389          -0.000000         1.376972          -0.000000          ]      -220011462752.69766     837426.7866952285   
                                                                                  [ 0.000000          0.000000          0.000000          0.000000           ]  
                                                                                [ 940785313885939248679354368.000000-5747202909442466.00000041990351202723890563786264511908937728.000000-7463647189620809007104.000000 ]
  False       [1.01977051e+00 1.04980469e-04 1.39204102e+00 3.77587891e+00]       [ 1.020008          0.000000          1.310194          0.000002           ]      -226444124513.73737     818627.6918592929   
                                                                                  [ 0.000000          0.000000          0.000000          0.000000           ]  
                                                                                [ 470992238612248693936998533348458496.00000051926468627531669504.0000002660714866372285440.000000337110279422.580688 ]
  False       [1.01987305e+00 1.18652344e-03 1.36884766e+00 3.75488281e+00]       [ 1.020033          -0.000000         1.337590          -0.000000          ]      -227922157516.85406     513098.6239757971   
                                                                                  [ 0.000000          0.000000          0.000000          0.000000           ]  
                                                                                [ 10376015041706780098503005913904840704.000000-134973792302935556096.000000686551015408239397121818624.000000-3059334451712035.500000 ]
  False       [1.02047363e+00 7.69042969e-04 1.30219727e+00 3.61181641e+00]       [ 1.019731          0.000000          1.421482          0.000000           ]      -225014142000.0         536744.3211648043   
                                                                                  [ 0.000000          0.000000          0.000000          0.000000           ]  
                                                                                [ 128989419226417863340185178079232.000000113427015632423712.000000111704604192818347838013440.0000001924619954192.056641 ]
  False       [1.02020996e+00 1.87988281e-04 1.36713867e+00 3.59326172e+00]       [ 1.019869          -0.000110         1.344179          -0.000281          ]      -224318579151.08017     304330.95161691983  
                                                                                  [ 0.000000          -0.000000         0.000000          0.000000           ]  
                                                                                [ 80491135196932256.00000010940648723071.730469270323942870601.281250-114180968013.359070 ]
  False       [1.02016602e+00 4.34570313e-04 1.38701172e+00 3.47167969e+00]       [ 1.019916          0.000000          1.326953          -0.000000          ]      -227288185200.97314     679899.573831067    
                                                                                  [ 0.000000          0.000000          0.000000          0.000000           ]  
                                                                                [ 47604548236098546049078095569164959744.0000005320009674914043789312.000000664800356361735313719033856.000000-14598862648217922.000000 ]
  False       [1.01959473e+00 9.35058594e-04 1.35200195e+00 3.49658203e+00]       [ 1.020257          0.000012          1.364290          -0.000002          ]      -224194399970.04037     535759.4388715324   
                                                                                  [ -0.000000         -0.000000         0.000000          0.000000           ]  
                                                                                [ -447928178340691328.000000-10899278916.5088585706838150911.415039-23948113.269117   ]
  False       [1.01928711e+00 3.46679687e-04 1.36298828e+00 3.34472656e+00]       [ 1.019970          0.000000          1.356052          -0.000013          ]      -229140694723.20782     619863.0931700823   
                                                                                  [ 0.000000          0.000000          0.000000          0.000000           ]  
                                                                                [ 192408889589797640584050424862998528.00000081057556862088216576.0000005154708057235262.000000-77870876259.580536 ]
  False       [1.01981445e+00 7.27539062e-04 1.33974609e+00 3.28027344e+00]       [ 1.020048          0.000000          1.382155          0.000020           ]      -228644824900.01376     484867.55127841333  
                                                                                  [ -0.000000         -0.000000         -0.000000         -0.000000          ]  
                                                                                [ -68900297280663607836672.000000-516979075063.914917-7417313534.821479-1336778.050250    ]
  False       [1.01994629e+00 5.63964844e-04 1.32426758e+00 3.25048828e+00]       [ 1.019956          -0.000000         1.399553          -0.000000          ]      -228751441829.26266     515346.06865029177  
                                                                                  [ 0.000000          0.000000          0.000000          0.000000           ]  
                                                                                [ 7489692328853004835411197952.000000-46953059147930472.0000002597930356084541484278076481208320.000000-14128933105959508.000000 ]
  False       [1.02025391e+00 8.10546875e-04 1.31464844e+00 3.08789062e+00]       [ 1.019747          0.000019          1.411232          0.000028           ]      -224989121362.08765     436930.26653287257  
                                                                                  [ 0.000000          -0.000000         0.000000          0.000000           ]  
                                                                                [ 296335016157672064.000000-5423301440.05024757576206162049.710938243727330.391705   ]
  False       [1.02003418e+00 6.86035156e-04 1.37709961e+00 3.18115234e+00]       [ 1.019897          -0.000000         1.345969          -0.000018          ]      -227743333983.0595      524990.5407976486   
                                                                                  [ -0.000000         0.000000          0.000000          0.000000           ]  
                                                                                [ -248585331157568768.000000-261597428063.88070766876675672418.789062-20884611658.156750 ]
  False       [1.02051758e+00 1.41601562e-04 1.35458984e+00 3.11621094e+00]       [ 1.019872          -0.000007         1.369728          -0.000014          ]      -228017775564.03247     439080.9858828486   
                                                                                  [ 0.000000          -0.000000         0.000000          0.000000           ]  
                                                                                [ 107905113971444736.000000297124091978.1372073129915460009.577148-85869323.878506   ]
  False               [1.01963867 0.00177246 1.37587891 0.305957  ]               [ 1.019904          0.000000          1.356869          -0.003006          ]      -228427968737.47852     545532.3921832143   
                                                                                  [ 0.000000          0.000000          0.000000          0.000000           ]  
                                                                                [ 520340258540978815631360.00000064255954231.63694028469838795349.339844-317654052598.609924 ]
  False       [1.01878906e+00 5.66406250e-04 1.38789062e+00 3.03515625e+00]       [ 1.020135          0.000081          1.339886          0.000001           ]      -224085921112.20673     481658.5483870785   
                                                                                  [ 0.000000          -0.000000         0.000000          0.000000           ]  
                                                                                [ 42724818446477504.000000-480798595197.187073130957220870435.57812563161138.601718    ]
