  Success                               Starting point                                                              Result point                                     Starting Value       Result Value    
  False     [ 1.66137695e+02 -3.82446289e+02 -3.66210938e-01 -1.33056641e+00]     [ 166.137578        -382.446019       -1.371316         -0.345401          ]      -63885.06313446629      -63863.882920835684 
                                                                                  [ 1.000587          1.003110          0.000001          0.000008           ]  
                                                                                  [ 166.040152        -381.260170       -1369097.399466   -42598.970822      ]  
   True                       [-1000. -1000. -1000. -1000.]                       [ -999.989863       -999.989862       -1426.393490      -1426.396063       ]      -49534.1815837047       -49530.27053564703  
                                                                                  [ 1.005030          1.005030          8898174.220000    8898281.600000     ]  
                                                                                  [ -994.985533       -994.985157       -0.000160         -0.000160          ]  
   True         [ 482.60498047 -397.27783203  992.73681641  998.1079101 ]         [ 482.478152        -397.173424       1417.808327       1425.481862        ]      -49534.18150732832      -49530.27046050626  
                                                                                  [ 1.776811          1.526444          8725782.280000    8820566.350000     ]  
                                                                                  [ 271.541642        -260.195235       0.000162          0.000162           ]  
  False         [-800.29296875  933.10546875    1.46484375 -771.9726562 ]         [ -800.292969       933.105469        -0.002706         -771.971851        ]      -55387.70470805037      -55377.33569546571  
                                                                                  [ 1.000000          1.000000          9.503987          1.000003           ]  
                                                                                  [ -800.292969       933.105469        -0.000285         -771.969798        ]  
  False         [ 766.72363281 -699.82910156    2.56347656  913.4521484 ]         [ 766.723633        -699.829101       0.002287          913.460610         ]      -55387.7030858558       -55377.334072108664 
                                                                                  [ 1.000000          1.000000          117.552320        1.001271           ]  
                                                                                  [ 766.723633        -699.829101       0.000019          912.301467         ]  
  False     [-1.82922363e+02  9.85046387e+02 -9.15527344e-01 -8.73474121e+00]     [ -182.085477       980.952514        -1.371316         -0.345401          ]      -63885.06309456837      -63863.882880633144 
                                                                                  [ 1.000000          1.000005          0.000001          0.000008           ]  
                                                                                  [ -182.085444       980.947658        -1369660.896368   -43098.030622      ]  
  False         [ 699.58496094 -970.58105469   -1.09863281  410.2783203 ]         [ 700.279859        -970.898955       -1.371316         0.345401           ]      -63885.06309199         -63863.8828777341   
                                                                                  [ 1.000007          1.000011          0.000001          0.000008           ]  
                                                                                  [ 700.274852        -970.888062       -1371326.592723   43108.823855       ]  
   True     [-5.67016602e+02  8.52661133e+02 -1.22070312e-01  2.39379883e+00]     [ -566.977036       852.601629        -1.371316         0.345401           ]      -63885.063094142024     -63863.88288012868  
                                                                                  [ 1.000001          1.000001          0.000001          0.000008           ]  
                                                                                  [ -566.976718       852.600546        -1384242.815709   42697.579890       ]  
   True     [ 9.33105469e+02 -8.00292969e+02  4.88281250e-01 -5.69824219e+00]     [ 932.641775        -799.895250       -1.371316         0.345401           ]      -63885.06309169252      -63863.882877655895 
                                                                                  [ 1.000000          1.000000          0.000001          0.000008           ]  
                                                                                  [ 932.641523        -799.895090       -1371607.743023   43046.413111       ]  
   True         [-199.95117188  866.45507812    2.19726562  887.9394531 ]         [ -199.951172       866.455078        -0.002352         887.942717         ]      -55387.703324599286     -55377.33431133989  
                                                                                  [ 1.000000          1.000000          1.000000          1.000000           ]  
                                                                                  [ -199.951172       866.455078        -0.002352         887.942717         ]  
  False         [-100.21972656 -735.22949219   -2.07519531 -875.8544921 ]         [ -100.219727       -735.229492       -0.002385         -875.856588        ]      -55387.70344745784      -55377.3344347414   
                                                                                  [ 1.000000          1.000000          48.980234         1.000049           ]  
                                                                                  [ -100.219727       -735.229492       -0.000049         -875.814041        ]  
  False           [ 67.13867188 882.56835938  -1.22070312 798.5839843 ]           [ 67.138672         882.568359        -0.002616         798.583042         ]      -55387.704339589814     -55377.33532722125  
                                                                                  [ 1.000000          1.000000          0.000000          1.000000           ]  
                                                                                  [ 67.138672         882.568359        -3362340.876629   798.582898         ]  
  False         [-666.50390625 -353.02734375   -1.46484375 -946.7773437 ]         [ -666.503906       -353.027344       -0.002206         -946.776690        ]      -55387.70281056601      -55377.3337973765   
                                                                                  [ 1.000000          1.000000          80.242803         1.000014           ]  
                                                                                  [ -666.503906       -353.027344       -0.000027         -946.763057        ]  
  False           [767.21191406 676.63574219  -0.85449219 573.1201171 ]           [ 767.211914        676.635742        0.003644          573.119147         ]      -55387.70933690675      -55377.34032846367  
                                                                                  [ 1.000000          1.000000          0.608054          1.000000           ]  
                                                                                  [ 767.211914        676.635742        0.005994          573.119401         ]  
  False         [-433.47167969 -966.43066406    1.58691406 -378.540039  ]         [ -433.471680       -966.430664       -0.005518         -378.538933        ]      -55387.72265883951      -55377.353661595575 
                                                                                  [ 1.000000          1.000000          3.151832          1.000001           ]  
                                                                                  [ -433.471680       -966.430664       -0.001751         -378.538411        ]  
   True           [ 932.6171875  823.2421875   -2.9296875 -916.992187 ]           [ 932.617187        823.242187        -0.002278         -917.009431        ]      -55387.70305271153      -55377.33403871837  
                                                                                  [ 1.000000          1.000000          1.000000          1.000000           ]  
                                                                                  [ 932.617187        823.242187        -0.002278         -917.009431        ]  
  False         [-899.78027344 -558.71582031   -1.83105469  777.2216796 ]         [ -899.780273       -558.715820       -0.002687         777.222157         ]      -55387.70463300651      -55377.33562053711  
                                                                                  [ 1.000000          1.000000          23.436410         1.000001           ]  
                                                                                  [ -899.780273       -558.715820       -0.000115         777.221046         ]  
  False         [  49.98779297  750.18310547    3.47900391 -940.3686523 ]         [ 49.987793         750.183103        -0.002221         -940.407420        ]      -55387.70286197579      -55377.33384873188  
                                                                                  [ 1.000000          1.000000          446.834591        1.055268           ]  
                                                                                  [ 49.987793         750.183103        -0.000005         -891.154775        ]  
   True         [ 466.55273438 -333.25195312    1.70898438  983.1542968 ]         [ 466.552734        -333.251953       0.002124          983.154201         ]      -55387.70254437406      -55377.333531868266 
                                                                                  [ 1.000000          1.000000          28.472824         1.000000           ]  
                                                                                  [ 466.552734        -333.251953       0.000075          983.154103         ]  
  False     [-2.83508301e+02 -2.83508301e+02  6.10351562e-02 -9.07653809e+00]     [ -222.328187       -222.327289       -1.371316         0.345401           ]      -63885.06317115         -63863.882958012124 
                                                                                  [ 1.221710          1.221725          0.000001          0.000008           ]  
                                                                                  [ -181.981158       -181.978149       -1371569.404978   43101.566401       ]  
  False         [ 999.26757812 -176.51367188   -1.70898438 -365.9667968 ]         [ 999.267578        -176.513672       -0.005707         -365.966539        ]      -55387.724310920086     -55377.355315133565 
                                                                                  [ 1.000000          1.000000          3.936158          1.000000           ]  
                                                                                  [ 999.267578        -176.513672       -0.001450         -365.966480        ]  
  False         [-500.36621094  233.27636719    1.09863281  942.2607421 ]         [ -500.366211       233.276367        -0.002217         942.259972         ]      -55387.70285657224      -55377.33384453381  
                                                                                  [ 1.000000          1.000000          4.303922          1.000002           ]  
                                                                                  [ -500.366211       233.276367        -0.000515         942.258370         ]  
  False             [ 533.203125 -400.390625    1.953125 -865.23437 ]             [ 533.203125        -400.390625       0.002414          -865.235537        ]      -55387.70355925096      -55377.33454696551  
                                                                                  [ 1.000000          1.000000          37.569034         1.000013           ]  
                                                                                  [ 533.203125        -400.390625       0.000064          -865.224523        ]  
  False     [-6.50207520e+02  5.16784668e+02  5.49316406e-01  4.74670410e+00]     [ -650.207520       516.784668        0.004400          474.669843         ]      -55387.714059850085     -55377.34505580564  
                                                                                  [ 1.000000          1.000000          0.070386          0.999999           ]  
                                                                                  [ -650.207520       516.784668        0.062517          474.670313         ]  
  False         [ 233.27636719 -500.36621094    1.34277344 -808.9599609 ]         [ 233.276367        -500.366211       0.002582          -808.959065        ]      -55387.70421702911      -55377.33520612569  
                                                                                  [ 1.000000          1.000000          7.319825          1.000003           ]  
                                                                                  [ 233.276367        -500.366211       0.000353          -808.956703        ]  
   True         [-333.25195312  466.55273438    0.73242188  687.2558593 ]         [ -300.865828       439.986205        -1.371316         0.345401           ]      -63885.06311570923      -63863.88290190048  
                                                                                  [ 1.000519          1.000338          0.000001          0.000008           ]  
                                                                                  [ -300.709868       439.837606        -1373860.217408   42705.437250       ]  
  False         [  50.47607422 -867.49267578   -1.89208984 -546.3256835 ]         [ 50.476074         -867.492676       -0.003823         -546.326901        ]      -55387.710375172945     -55377.34136791109  
                                                                                  [ 1.000000          1.000000          0.000000          1.000005           ]  
                                                                                  [ 50.476074         -867.492676       -2256648.522859   -546.324339        ]  
   True     [ 2.99926758e+02  8.33374023e+02  6.10351562e-01 -2.05688477e+00]     [ 299.903072        833.308166        1.371316          -0.345401          ]      -63885.063096840895     -63863.88288285318  
                                                                                  [ 1.000007          1.000054          0.000001          0.000008           ]  
                                                                                  [ 299.900982        833.263295        1369670.239928    -42916.141111      ]  
  False     [-7.33154297e+02 -7.33154297e+02  2.44140625e-01 -2.42919922e+00]     [ -733.102200       -733.102189       -1.371316         0.345401           ]      -63885.06309394459      -63863.882880003344 
                                                                                  [ 1.000001          1.000001          0.000001          0.000008           ]  
                                                                                  [ -733.101694       -733.101683       -1372364.241550   43613.800829       ]  
  False           [833.37402344 299.92675781   1.83105469 370.2392578 ]           [ 833.374023        299.926758        -0.005641         370.240264         ]      -55387.723732528146     -55377.35473694139  
                                                                                  [ 1.000000          1.000000          0.000000          1.000001           ]  
                                                                                  [ 833.374023        299.926758        -1484147.626380   370.240057         ]  
   True     [-9.66430664e+02 -4.33471680e+02  8.54492188e-01  4.11376953e+00]     [ -966.430428       -433.471574       -1.371316         -0.345401          ]      -63885.06309361687      -63863.8828795985   
                                                                                  [ 1.000014          1.000003          0.000001          0.000008           ]  
                                                                                  [ -966.417130       -433.470373       -1378913.302319   -42720.270474      ]  
   True           [882.99560547  73.42529297  -1.40380859 101.6235351 ]           [ 882.987555        73.424623         1.371316          -0.345401          ]      -63885.06309683132      -63863.88288284348  
                                                                                  [ 1.000038          1.000000          0.000001          0.000008           ]  
                                                                                  [ 882.953994        73.424604         1370481.248426    -43019.504261      ]  
  False     [-8.66943359e+02  5.88378906e+01 -7.32421875e-01 -3.88183594e+00]     [ -866.942921       58.837861         1.371316          0.345401           ]      -63885.06309725686      -63863.88288334694  
                                                                                  [ 1.000134          1.000001          0.000001          0.000008           ]  
                                                                                  [ -866.826368       58.837824         1382603.299572    42713.572876       ]  
   True     [ 6.33422852e+02 -9.97314453e+01  1.22070312e-01  6.46362305e+00]     [ 627.013675        -98.722327        -1.371316         0.345401           ]      -63885.063106986956     -63863.882893095535 
                                                                                  [ 1.000017          1.000000          0.000001          0.000008           ]  
                                                                                  [ 627.002872        -98.722285        -1384566.276327   42923.343057       ]  
  False     [-7.50793457e+02 -1.91223145e+02 -4.27246094e-01  3.05725098e+00]     [ -750.793457       -191.223145       -0.006832         305.724419         ]      -55387.73526109         -55377.366275377186 
                                                                                  [ 0.994577          0.999654          -0.000214         -428221.154000     ]  
                                                                                  [ -754.887567       -191.289373       31.948396         -0.000714          ]  
  False         [ 367.06542969  205.68847656   -1.58691406 -972.0458984 ]         [ 287.863669        161.334186        -1.371316         -0.345401          ]      -63885.06316331193      -63863.8829501031   
                                                                                  [ 1.001992          1.000625          0.000001          0.000008           ]  
                                                                                  [ 287.291468        161.233494        -1373896.322957   -43010.373911      ]  
  False     [-1.99462891e+02 -7.64892578e+02 -2.44140625e-01  5.94482422e+00]     [ -199.462891       -764.892578       0.003513          594.482322         ]      -55387.70861340027      -55377.339604860426 
                                                                                  [ 1.000000          1.000000          0.004410          1.000000           ]  
                                                                                  [ -199.462891       -764.892578       0.796626          594.482418         ]  
   True     [ 5.33691406e+02  4.70214844e+02 -4.88281250e-01 -6.48925781e+00]     [ 528.695134        466.192819        1.371316          0.345401           ]      -63885.063103041684     -63863.882889112756 
                                                                                  [ 1.003605          1.002816          0.000001          0.000008           ]  
                                                                                  [ 526.796208        464.883554        1366028.452497    42620.476495       ]  
  False         [-333.74023438 -411.86523438   -2.68554688  830.3222656 ]         [ -333.740233       -411.865233       -0.002515         830.334323         ]      -55387.703955822035     -55377.33494492966  
                                                                                  [ 1.000000          1.000000          124.528265        1.002490           ]  
                                                                                  [ -333.740233       -411.865233       -0.000020         828.272166         ]  
  False     [-9.97314453e+01  6.33422852e+02  3.66210938e-01 -6.06811523e+00]     [ -98.962157        628.612436        1.371316          -0.345401          ]      -63885.06310688         -63863.88289306077  
                                                                                  [ 1.033817          2.376586          0.000001          0.000008           ]  
                                                                                  [ -95.725038        264.502343        1372244.951711    -42727.481422      ]  
  False           [ 399.4140625 -706.0546875   -0.9765625  217.773437 ]           [ 399.414062        -706.054687       0.009591          217.770413         ]      -55387.770435607556     -55377.40147926791  
                                                                                  [ 1.000000          1.000000          0.000000          22.066610          ]  
                                                                                  [ 399.414062        -706.054687       180516.343366     9.868775           ]  
  False         [-283.99658203  338.07373047   -2.38037109 -575.1342773 ]         [ -283.996581       338.073730        -0.003632         -575.142907        ]      -55387.709291078536     -55377.34028595901  
                                                                                  [ 1.000000          1.000000          36.681015         1.000466           ]  
                                                                                  [ -283.996581       338.073730        -0.000099         -574.874797        ]  
  False           [-133.7890625 -133.7890625    0.9765625  329.101562 ]           [ -113.118669       -113.113551       -1.371316         0.345401           ]      -63885.06341457         -63863.88320374705  
                                                                                  [ 8.139802          8.141339          0.000001          0.000008           ]  
                                                                                  [ -13.896980        -13.893729        -1380317.360740   42817.874049       ]  
  False         [-499.145508    -88.2568359    -0.61035156   -6.74194336]         [ -499.145508       -88.256836        0.003098          -674.193849        ]      -55387.706496270606     -55377.3374877869   
                                                                                  [ 1.000000          1.000000          0.219228          1.000000           ]  
                                                                                  [ -499.145508       -88.256836        0.014132          -674.194172        ]  
  False         [ -34.05761719  265.01464844   -1.34277344 -340.4541015 ]         [ -34.057617        265.014647        0.006135          -340.451696        ]      -55387.72832558         -55377.359343644486 
                                                                                  [ 0.755125          -14.718302        -0.000215         -661545.859000     ]  
                                                                                  [ -45.101979        -18.005789        -28.558375        0.000515           ]  
