  Success                               Starting point                                                              Result point                                     Starting Value       Result Value    
  False     [ 1.66137695e+02 -3.82446289e+02 -3.66210938e-01 -1.33056641e+00]     [ 166.137578        -382.446019       -1.371316         -0.345401          ]      -63885.06313447         -63863.88292083566  
                                                                                  [ 1.734919          4.897096          0.000001          0.000008           ]  
                                                                                  [ 95.761005         -78.096500        -1369710.816807   -42548.806976      ]  
   True                       [-1000. -1000. -1000. -1000.]                       [ -999.989860       -999.989862       -1426.393527      -1426.396103       ]      -49534.1815837052       -49530.27053564759  
                                                                                  [ 1.005032          1.005031          8898175.040000    8898282.520000     ]  
                                                                                  [ -994.983046       -994.984532       -0.000160         -0.000160          ]  
   True         [ 482.60498047 -397.27783203  992.73681641  998.1079101 ]         [ 482.478150        -397.173421       1417.808470       1425.482003        ]      -49534.18150733074      -49530.270460508444 
                                                                                  [ 1.776836          1.526472          8725785.250000    8820569.270000     ]  
                                                                                  [ 271.537866        -260.190487       0.000162          0.000162           ]  
  False         [-800.29296875  933.10546875    1.46484375 -771.9726562 ]         [ -967.041194       1077.230520       -1.371316         -0.345401          ]      -63885.06309014         -63863.88287615841  
                                                                                  [ 1.016182          1.012425          0.000001          0.000008           ]  
                                                                                  [ -951.642168       1064.009741       -1375264.107282   -42782.189430      ]  
   True     [ 9.33105469e+02 -8.00292969e+02  4.88281250e-01 -5.69824219e+00]     [ 932.639120        -799.892938       -1.371316         -0.345401          ]      -63885.06309169245      -63863.88287765596  
                                                                                  [ 1.000000          1.000000          0.000001          0.000008           ]  
                                                                                  [ 932.639045        -799.892890       -1380549.531544   -43203.063623      ]  
  False     [-1.82922363e+02  9.85046387e+02 -9.15527344e-01 -8.73474121e+00]     [ -182.922361       985.046374        -0.002391         -873.463024        ]      -55387.70346646         -55377.334453099036 
                                                                                  [ -0.470322         -42.044004        -0.000215         -28652152.700000   ]  
                                                                                  [ 388.930235        -23.428938        11.135513         0.000030           ]  
   True         [ 766.72363281 -699.82910156    2.56347656  913.4521484 ]         [ 762.325148        -696.325518       1.371316          0.345401           ]      -63885.063094009514     -63863.88287999495  
                                                                                  [ 1.000008          1.000005          0.000001          0.000008           ]  
                                                                                  [ 762.319400        -696.322273       1369949.743805    43093.090416       ]  
  False     [-5.67016602e+02  8.52661133e+02 -1.22070312e-01  2.39379883e+00]     [ -566.981980       852.609069        -1.371316         0.345401           ]      -63885.06309414184      -63863.882880202655 
                                                                                  [ 1.000001          1.000002          0.000001          0.000008           ]  
                                                                                  [ -566.981600       852.607782        -1371052.629527   43174.782436       ]  
   True         [ 699.58496094 -970.58105469   -1.09863281  410.2783203 ]         [ 698.592226        -969.775471       -1.371316         -0.345401          ]      -63885.06309200867      -63863.8828780492   
                                                                                  [ 1.000001          1.000001          0.000001          0.000008           ]  
                                                                                  [ 698.591758        -969.774967       -1371920.478549   -43245.178706      ]  
   True         [-199.95117188  866.45507812    2.19726562  887.9394531 ]         [ -199.951172       866.455078        -0.002352         887.942717         ]      -55387.70332459925      -55377.334311340004 
                                                                                  [ 1.000000          1.000000          1.000000          1.000000           ]  
                                                                                  [ -199.951172       866.455078        -0.002352         887.942717         ]  
  False         [-100.21972656 -735.22949219   -2.07519531 -875.8544921 ]         [ -100.219727       -735.229492       -0.002385         -875.856588        ]      -55387.70344745772      -55377.33443474143  
                                                                                  [ 1.000000          1.000000          0.000000          1.000049           ]  
                                                                                  [ -100.219727       -735.229492       -3682973.155956   -875.814032        ]  
  False           [ 67.13867188 882.56835938  -1.22070312 798.5839843 ]           [ 66.936435         877.439082        -1.371316         -0.345401          ]      -63885.06309698         -63863.882882990096 
                                                                                  [ 1.000006          1.001322          0.000001          0.000008           ]  
                                                                                  [ 66.936022         876.280551        -1371168.471046   -43379.537097      ]  
  False         [-433.47167969 -966.43066406    1.58691406 -378.540039  ]         [ -432.114652       -965.540937       -1.371316         0.345401           ]      -63885.06309364         -63863.88287969215  
                                                                                  [ 1.008802          1.044060          0.000001          0.000008           ]  
                                                                                  [ -428.344216       -924.794749       -1378702.833498   42753.477871       ]  
  False           [ 932.6171875  823.2421875   -2.9296875 -916.992187 ]           [ 932.617187        823.242187        -0.002278         -917.009431        ]      -55387.70305271145      -55377.33403871832  
                                                                                  [ 1.000000          1.000000          213.660574        1.007371           ]  
                                                                                  [ 932.617187        823.242187        -0.000011         -910.299432        ]  
  False         [-899.78027344 -558.71582031   -1.83105469  777.2216796 ]         [ -899.780271       -558.715819       -0.002687         777.219027         ]      -55387.70463305         -55377.33562059621  
                                                                                  [ -6.167383         -1.763492         -0.000215         -17962174.700000   ]  
                                                                                  [ 145.893373        316.823649        12.514069         -0.000043          ]  
   True         [  49.98779297  750.18310547    3.47900391 -940.3686523 ]         [ 49.987793         750.183103        -0.002221         -940.407420        ]      -55387.70286197569      -55377.33384873174  
                                                                                  [ 1.000000          1.000000          1.000000          1.000000           ]  
                                                                                  [ 49.987793         750.183103        -0.002221         -940.407420        ]  
  False         [ 466.55273438 -333.25195312    1.70898438  983.1542968 ]         [ 466.552734        -333.251953       0.002124          983.154201         ]      -55387.70254437398      -55377.33353186831  
                                                                                  [ 1.000000          1.000000          28.496006         1.000000           ]  
                                                                                  [ 466.552734        -333.251953       0.000075          983.154103         ]  
   True         [-666.50390625 -353.02734375   -1.46484375 -946.7773437 ]         [ -655.167348       -347.063082       -1.371316         -0.345401          ]      -63885.06310141531      -63863.88288747105  
                                                                                  [ 1.000029          1.000008          0.000001          0.000008           ]  
                                                                                  [ -655.148375       -347.060288       -1369675.602614   -43030.880707      ]  
   True           [767.21191406 676.63574219  -0.85449219 573.1201171 ]           [ 765.697851        673.631913        1.371316          -0.345401          ]      -63885.06309420608      -63863.882880193414 
                                                                                  [ 1.000002          1.000006          0.000001          0.000008           ]  
                                                                                  [ 765.696251        673.627804        1372421.195260    -43690.270731      ]  
  False     [-7.33154297e+02 -7.33154297e+02  2.44140625e-01 -2.42919922e+00]     [ -733.101400       -733.101385       -1.371316         0.345401           ]      -63885.06309394449      -63863.88288007744  
                                                                                  [ 1.000000          1.000000          0.000001          0.000008           ]  
                                                                                  [ -733.101334       -733.101319       -1369879.333711   43481.555994       ]  
   True           [833.37402344 299.92675781   1.83105469 370.2392578 ]           [ 832.962144        299.785882        -1.371316         0.345401           ]      -63885.063096849924     -63863.88288286227  
                                                                                  [ 1.000005          1.000001          0.000001          0.000008           ]  
                                                                                  [ 832.957763        299.785675        -1370269.081800   42965.810613       ]  
   True     [-9.66430664e+02 -4.33471680e+02  8.54492188e-01  4.11376953e+00]     [ -966.430427       -433.471574       -1.371316         0.345401           ]      -63885.06309361678      -63863.882879598554 
                                                                                  [ 1.000000          1.000000          0.000001          0.000008           ]  
                                                                                  [ -966.430272       -433.471561       -1370798.107422   43098.905510       ]  
  False         [ 999.26757812 -176.51367188   -1.70898438 -365.9667968 ]         [ 998.322328        -174.714848       -1.371316         -0.345401          ]      -63885.06309431         -63863.88288059212  
                                                                                  [ 1.000165          1.000007          0.000001          0.000008           ]  
                                                                                  [ 998.157682        -174.713618       -1362886.119352   -42695.890488      ]  
  False     [-8.66943359e+02  5.88378906e+01 -7.32421875e-01 -3.88183594e+00]     [ -866.942921       58.837861         1.371316          0.345401           ]      -63885.06309725674      -63863.88288334705  
                                                                                  [ 1.000136          1.000001          0.000001          0.000008           ]  
                                                                                  [ -866.825223       58.837824         1382569.712345    42713.674135       ]  
  False           [882.99560547  73.42529297  -1.40380859 101.6235351 ]           [ 882.987477        73.424615         1.371316          0.345401           ]      -63885.0630968312       -63863.88288291757  
                                                                                  [ 1.000016          1.000000          0.000001          0.000008           ]  
                                                                                  [ 882.973349        73.424607         1369769.004910    43178.300468       ]  
  False     [-7.50793457e+02 -1.91223145e+02 -4.27246094e-01  3.05725098e+00]     [ -750.793457       -191.223145       -0.006832         305.724546         ]      -55387.73526106048      -55377.366275085675 
                                                                                  [ 1.000000          1.000000          0.010617          0.999998           ]  
                                                                                  [ -750.793457       -191.223145       -0.643524         305.725063         ]  
  False             [ 533.203125 -400.390625    1.953125 -865.23437 ]             [ 465.370680        -327.766435       1.371316          -0.345401          ]      -63885.06311207         -63863.88289822349  
                                                                                  [ 351.663875        174.643384        0.000001          0.000008           ]  
                                                                                  [ 1.323339          -1.876776         1373030.816390    -42856.040458      ]  
   True     [-6.50207520e+02  5.16784668e+02  5.49316406e-01  4.74670410e+00]     [ -649.192032       515.719037        1.371316          0.345401           ]      -63885.06309835195      -63863.88288437864  
                                                                                  [ 1.000001          1.000001          0.000001          0.000008           ]  
                                                                                  [ -649.191597       515.718676        1369904.116691    42711.586874       ]  
  False         [  50.47607422 -867.49267578   -1.89208984 -546.3256835 ]         [ 50.476074         -867.492676       -0.003823         -546.326901        ]      -55387.7103751729       -55377.3413679111   
                                                                                  [ 1.000000          1.000000          0.000000          1.000005           ]  
                                                                                  [ 50.476074         -867.492676       -2275510.106301   -546.324339        ]  
  False         [-500.36621094  233.27636719    1.09863281  942.2607421 ]         [ -500.366211       233.276367        -0.002217         942.259972         ]      -55387.70285657203      -55377.333844533845 
                                                                                  [ 1.000000          1.000000          4.303922          1.000002           ]  
                                                                                  [ -500.366211       233.276367        -0.000515         942.258370         ]  
  False         [ 367.06542969  205.68847656   -1.58691406 -972.0458984 ]         [ 367.065429        205.688476        -0.002149         -972.045470        ]      -55387.70264150672      -55377.33363122241  
                                                                                  [ 1.000000          1.000000          33.236640         1.000002           ]  
                                                                                  [ 367.065429        205.688476        -0.000065         -972.043186        ]  
  False         [-333.74023438 -411.86523438   -2.68554688  830.3222656 ]         [ -333.740233       -411.865233       -0.002515         830.334323         ]      -55387.703955822006     -55377.33494492979  
                                                                                  [ 1.000000          1.000000          123.088829        1.002461           ]  
                                                                                  [ -333.740233       -411.865233       -0.000020         828.295746         ]  
  False     [ 5.33691406e+02  4.70214844e+02 -4.88281250e-01 -6.48925781e+00]     [ 533.691406        470.214844        0.003219          -648.925441        ]      -55387.70707552634      -55377.338065997166 
                                                                                  [ 1.000000          1.000000          0.083335          1.000000           ]  
                                                                                  [ 533.691406        470.214844        0.038624          -648.925723        ]  
  False     [-1.99462891e+02 -7.64892578e+02 -2.44140625e-01  5.94482422e+00]     [ -199.462891       -764.892578       0.003513          594.482322         ]      -55387.708613400166     -55377.33960486062  
                                                                                  [ 1.000000          1.000000          0.004410          1.000000           ]  
                                                                                  [ -199.462891       -764.892578       0.796626          594.482418         ]  
   True     [ 2.99926758e+02  8.33374023e+02  6.10351562e-01 -2.05688477e+00]     [ 299.903910        833.310311        1.371316          -0.345401          ]      -63885.06309684081      -63863.88288285318  
                                                                                  [ 1.000007          1.000051          0.000001          0.000008           ]  
                                                                                  [ 299.901943        833.268089        1378050.448432    -42697.412784      ]  
  False         [ 233.27636719 -500.36621094    1.34277344 -808.9599609 ]         [ 233.276367        -500.366211       0.002582          -808.959065        ]      -55387.7042170291       -55377.335206125776 
                                                                                  [ 1.000000          1.000000          7.341788          1.000003           ]  
                                                                                  [ 233.276367        -500.366211       0.000352          -808.956695        ]  
   True         [-333.25195312  466.55273438    0.73242188  687.2558593 ]         [ -301.697768       439.826137        -1.371316         0.345401           ]      -63885.063115671495     -63863.88290186252  
                                                                                  [ 1.000496          1.000341          0.000001          0.000008           ]  
                                                                                  [ -301.548254       439.676229        -1368830.881872   42701.875798       ]  
  False           [ 399.4140625 -706.0546875   -0.9765625  217.773437 ]           [ 399.414062        -706.054687       0.009591          217.770413         ]      -55387.77043560751      -55377.4014792203   
                                                                                  [ 1.000000          1.000000          0.150666          0.999993           ]  
                                                                                  [ 399.414062        -706.054687       0.063660          217.772020         ]  
  False     [-9.97314453e+01  6.33422852e+02  3.66210938e-01 -6.06811523e+00]     [ -98.893896        628.166441        1.371316          0.345401           ]      -63885.063106908514     -63863.88289047712  
                                                                                  [ 1.000000          1.000012          0.000001          0.000008           ]  
                                                                                  [ -98.893865        628.158765        1396404.184245    42703.882171       ]  
  False     [-2.83508301e+02 -2.83508301e+02  6.10351562e-02 -9.07653809e+00]     [ -222.283217       -222.281591       -1.371316         -0.345401          ]      -63885.063171181006     -63863.88295804692  
                                                                                  [ 1.012836          1.012837          0.000001          0.000008           ]  
                                                                                  [ -219.466169       -219.464393       -1369666.696747   -42698.342529      ]  
   True     [ 6.33422852e+02 -9.97314453e+01  1.22070312e-01  6.46362305e+00]     [ 626.307816        -98.611279        -1.371316         0.345401           ]      -63885.06310703394      -63863.88289314305  
                                                                                  [ 1.000017          1.000000          0.000001          0.000008           ]  
                                                                                  [ 626.296969        -98.611237        -1371914.226723   43221.267498       ]  
  False         [-499.145508    -88.2568359    -0.61035156   -6.74194336]         [ -499.145508       -88.256836        0.003098          -674.193849        ]      -55387.70649627054      -55377.337487786914 
                                                                                  [ 1.000000          1.000000          0.219228          1.000000           ]  
                                                                                  [ -499.145508       -88.256836        0.014132          -674.194172        ]  
  False           [-133.7890625 -133.7890625    0.9765625  329.101562 ]           [ -111.017741       -111.010341       -1.371316         -0.345401          ]      -63885.06342712705      -63863.88321642223  
                                                                                  [ 1.001172          1.001173          0.000001          0.000008           ]  
                                                                                  [ -110.887739       -110.880312       -1431642.096054   -42701.351033      ]  
  False         [-283.99658203  338.07373047   -2.38037109 -575.1342773 ]         [ -283.996581       338.073730        -0.003632         -575.142907        ]      -55387.70929107842      -55377.340285959035 
                                                                                  [ 1.000000          1.000000          36.652726         1.000466           ]  
                                                                                  [ -283.996581       338.073730        -0.000099         -574.874992        ]  
  False         [ -34.05761719  265.01464844   -1.34277344 -340.4541015 ]         [ -41.419087        254.493769        1.371316          0.345401           ]      -63885.063212482615     -63863.882999740694 
                                                                                  [ 1.001827          1.086549          0.000001          0.000008           ]  
                                                                                  [ -41.343533        234.222077        1372905.841158    43027.088997       ]  
