  Success                               Starting point                                                              Result point                                     Starting Value       Result Value    
  False     [ 1.66137695e+02 -3.82446289e+02 -3.66210938e-01 -1.33056641e+00]     [ 166.137578        -382.446019       -1.371316         -0.345401          ]      -63885.06313447         -63863.88292083576  
                                                                                  [ 1.734919          4.897096          0.000001          0.000008           ]  
                                                                                  [ 95.761005         -78.096500        -1369710.816807   -42548.806976      ]  
   True                       [-1000. -1000. -1000. -1000.]                       [ -999.989860       -999.989862       -1426.393527      -1426.396103       ]      -49534.1815837052       -49530.27053564766  
                                                                                  [ 1.005032          1.005031          8898175.040000    8898282.520000     ]  
                                                                                  [ -994.983046       -994.984532       -0.000160         -0.000160          ]  
   True         [ 482.60498047 -397.27783203  992.73681641  998.1079101 ]         [ 482.478150        -397.173421       1417.808470       1425.482003        ]      -49534.18150733074      -49530.27046050845  
                                                                                  [ 1.776836          1.526472          8725785.250000    8820569.270000     ]  
                                                                                  [ 271.537866        -260.190487       0.000162          0.000162           ]  
  False         [-800.29296875  933.10546875    1.46484375 -771.9726562 ]         [ -967.041194       1077.230520       -1.371316         -0.345401          ]      -63885.06309014         -63863.88287615839  
                                                                                  [ 1.016182          1.012425          0.000001          0.000008           ]  
                                                                                  [ -951.642168       1064.009741       -1375264.107282   -42782.189430      ]  
   True     [ 9.33105469e+02 -8.00292969e+02  4.88281250e-01 -5.69824219e+00]     [ 932.639120        -799.892938       -1.371316         -0.345401          ]      -63885.06309169245      -63863.8828776559   
                                                                                  [ 1.000000          1.000000          0.000001          0.000008           ]  
                                                                                  [ 932.639045        -799.892890       -1380549.531544   -43203.063623      ]  
  False     [-1.82922363e+02  9.85046387e+02 -9.15527344e-01 -8.73474121e+00]     [ -182.922361       985.046374        -0.002391         -873.463024        ]      -55387.70346646         -55377.33445309907  
                                                                                  [ -0.470322         -42.044004        -0.000215         -28652152.700000   ]  
                                                                                  [ 388.930235        -23.428938        11.135513         0.000030           ]  
   True         [ 766.72363281 -699.82910156    2.56347656  913.4521484 ]         [ 762.325148        -696.325518       1.371316          0.345401           ]      -63885.063094009514     -63863.88287999498  
                                                                                  [ 1.000008          1.000005          0.000001          0.000008           ]  
                                                                                  [ 762.319400        -696.322273       1369949.743805    43093.090416       ]  
  False     [-5.67016602e+02  8.52661133e+02 -1.22070312e-01  2.39379883e+00]     [ -566.981980       852.609069        -1.371316         0.345401           ]      -63885.06309414184      -63863.88288020261  
                                                                                  [ 1.000001          1.000002          0.000001          0.000008           ]  
                                                                                  [ -566.981600       852.607782        -1371052.629527   43174.782436       ]  
   True         [ 699.58496094 -970.58105469   -1.09863281  410.2783203 ]         [ 698.592226        -969.775471       -1.371316         -0.345401          ]      -63885.06309200867      -63863.88287804923  
                                                                                  [ 1.000001          1.000001          0.000001          0.000008           ]  
                                                                                  [ 698.591758        -969.774967       -1371920.478549   -43245.178706      ]  
   True         [-199.95117188  866.45507812    2.19726562  887.9394531 ]         [ -199.951172       866.455078        -0.002352         887.942717         ]      -55387.70332459925      -55377.334311339946 
                                                                                  [ 1.000000          1.000000          1.000000          1.000000           ]  
                                                                                  [ -199.951172       866.455078        -0.002352         887.942717         ]  
  False         [-100.21972656 -735.22949219   -2.07519531 -875.8544921 ]         [ -100.219727       -735.229492       -0.002385         -875.856588        ]      -55387.70344745772      -55377.33443474138  
                                                                                  [ 1.000000          1.000000          0.000000          1.000049           ]  
                                                                                  [ -100.219727       -735.229492       -3682973.155956   -875.814032        ]  
  False           [ 67.13867188 882.56835938  -1.22070312 798.5839843 ]           [ 66.936435         877.439082        -1.371316         -0.345401          ]      -63885.06309698         -63863.88288299012  
                                                                                  [ 1.000006          1.001322          0.000001          0.000008           ]  
                                                                                  [ 66.936022         876.280551        -1371168.471046   -43379.537097      ]  
  False         [-433.47167969 -966.43066406    1.58691406 -378.540039  ]         [ -432.114652       -965.540937       -1.371316         0.345401           ]      -63885.06309364         -63863.88287969211  
                                                                                  [ 1.008802          1.044060          0.000001          0.000008           ]  
                                                                                  [ -428.344216       -924.794749       -1378702.833498   42753.477871       ]  
  False           [ 932.6171875  823.2421875   -2.9296875 -916.992187 ]           [ 932.617187        823.242187        -0.002278         -917.009431        ]      -55387.70305271145      -55377.33403871837  
                                                                                  [ 1.000000          1.000000          213.660574        1.007371           ]  
                                                                                  [ 932.617187        823.242187        -0.000011         -910.299432        ]  
  False         [-899.78027344 -558.71582031   -1.83105469  777.2216796 ]         [ -899.780271       -558.715819       -0.002687         777.219027         ]      -55387.70463305         -55377.33562059616  
                                                                                  [ -6.167383         -1.763492         -0.000215         -17962174.700000   ]  
                                                                                  [ 145.893373        316.823649        12.514069         -0.000043          ]  
   True         [  49.98779297  750.18310547    3.47900391 -940.3686523 ]         [ 49.987793         750.183103        -0.002221         -940.407420        ]      -55387.70286197569      -55377.33384873184  
                                                                                  [ 1.000000          1.000000          1.000000          1.000000           ]  
                                                                                  [ 49.987793         750.183103        -0.002221         -940.407420        ]  
  False         [ 466.55273438 -333.25195312    1.70898438  983.1542968 ]         [ 466.552734        -333.251953       0.002124          983.154201         ]      -55387.70254437398      -55377.33353186824  
                                                                                  [ 1.000000          1.000000          28.496006         1.000000           ]  
                                                                                  [ 466.552734        -333.251953       0.000075          983.154103         ]  
   True         [-666.50390625 -353.02734375   -1.46484375 -946.7773437 ]         [ -655.167348       -347.063082       -1.371316         -0.345401          ]      -63885.06310141531      -63863.88288747112  
                                                                                  [ 1.000029          1.000008          0.000001          0.000008           ]  
                                                                                  [ -655.148375       -347.060288       -1369675.602614   -43030.880707      ]  
   True           [767.21191406 676.63574219  -0.85449219 573.1201171 ]           [ 765.697851        673.631913        1.371316          -0.345401          ]      -63885.06309420608      -63863.88288019341  
                                                                                  [ 1.000002          1.000006          0.000001          0.000008           ]  
                                                                                  [ 765.696251        673.627804        1372421.195260    -43690.270731      ]  
  False     [-7.33154297e+02 -7.33154297e+02  2.44140625e-01 -2.42919922e+00]     [ -733.101400       -733.101385       -1.371316         0.345401           ]      -63885.06309394449      -63863.88288007743  
                                                                                  [ 1.000000          1.000000          0.000001          0.000008           ]  
                                                                                  [ -733.101334       -733.101319       -1369879.333711   43481.555994       ]  
   True           [833.37402344 299.92675781   1.83105469 370.2392578 ]           [ 832.962144        299.785882        -1.371316         0.345401           ]      -63885.063096849924     -63863.88288286227  
                                                                                  [ 1.000005          1.000001          0.000001          0.000008           ]  
                                                                                  [ 832.957763        299.785675        -1370269.081800   42965.810613       ]  
   True     [-9.66430664e+02 -4.33471680e+02  8.54492188e-01  4.11376953e+00]     [ -966.430427       -433.471574       -1.371316         0.345401           ]      -63885.06309361678      -63863.88287959854  
                                                                                  [ 1.000000          1.000000          0.000001          0.000008           ]  
                                                                                  [ -966.430272       -433.471561       -1370798.107422   43098.905510       ]  
  False         [ 999.26757812 -176.51367188   -1.70898438 -365.9667968 ]         [ 998.322328        -174.714848       -1.371316         -0.345401          ]      -63885.06309431         -63863.88288059212  
                                                                                  [ 1.000165          1.000007          0.000001          0.000008           ]  
                                                                                  [ 998.157682        -174.713618       -1362886.119352   -42695.890488      ]  
  False     [-8.66943359e+02  5.88378906e+01 -7.32421875e-01 -3.88183594e+00]     [ -866.942921       58.837861         1.371316          0.345401           ]      -63885.06309725674      -63863.88288334703  
                                                                                  [ 1.000136          1.000001          0.000001          0.000008           ]  
                                                                                  [ -866.825223       58.837824         1382569.712345    42713.674135       ]  
  False           [882.99560547  73.42529297  -1.40380859 101.6235351 ]           [ 882.987477        73.424615         1.371316          0.345401           ]      -63885.0630968312       -63863.882882917664 
                                                                                  [ 1.000016          1.000000          0.000001          0.000008           ]  
                                                                                  [ 882.973349        73.424607         1369769.004910    43178.300468       ]  
  False     [-7.50793457e+02 -1.91223145e+02 -4.27246094e-01  3.05725098e+00]     [ -750.793457       -191.223145       -0.006832         305.724546         ]      -55387.73526106048      -55377.36627508566  
                                                                                  [ 1.000000          1.000000          0.010617          0.999998           ]  
                                                                                  [ -750.793457       -191.223145       -0.643524         305.725063         ]  
  False             [ 533.203125 -400.390625    1.953125 -865.23437 ]             [ 465.370680        -327.766435       1.371316          -0.345401          ]      -63885.06311207         -63863.88289822345  
                                                                                  [ 351.663875        174.643384        0.000001          0.000008           ]  
                                                                                  [ 1.323339          -1.876776         1373030.816390    -42856.040458      ]  
   True     [-6.50207520e+02  5.16784668e+02  5.49316406e-01  4.74670410e+00]     [ -649.192032       515.719037        1.371316          0.345401           ]      -63885.06309835195      -63863.88288437868  
                                                                                  [ 1.000001          1.000001          0.000001          0.000008           ]  
                                                                                  [ -649.191597       515.718676        1369904.116691    42711.586874       ]  
  False         [  50.47607422 -867.49267578   -1.89208984 -546.3256835 ]         [ 50.476074         -867.492676       -0.003823         -546.326901        ]      -55387.7103751729       -55377.341367911096 
                                                                                  [ 1.000000          1.000000          0.000000          1.000005           ]  
                                                                                  [ 50.476074         -867.492676       -2275510.106301   -546.324339        ]  
  False         [-500.36621094  233.27636719    1.09863281  942.2607421 ]         [ -500.366211       233.276367        -0.002217         942.259972         ]      -55387.70285657203      -55377.33384453376  
                                                                                  [ 1.000000          1.000000          4.303922          1.000002           ]  
                                                                                  [ -500.366211       233.276367        -0.000515         942.258370         ]  
  False         [ 367.06542969  205.68847656   -1.58691406 -972.0458984 ]         [ 367.065429        205.688476        -0.002149         -972.045470        ]      -55387.70264150672      -55377.33363122228  
                                                                                  [ 1.000000          1.000000          33.236640         1.000002           ]  
                                                                                  [ 367.065429        205.688476        -0.000065         -972.043186        ]  
  False         [-333.74023438 -411.86523438   -2.68554688  830.3222656 ]         [ -333.740233       -411.865233       -0.002515         830.334323         ]      -55387.703955822006     -55377.334944929746 
                                                                                  [ 1.000000          1.000000          123.088829        1.002461           ]  
                                                                                  [ -333.740233       -411.865233       -0.000020         828.295746         ]  
  False     [ 5.33691406e+02  4.70214844e+02 -4.88281250e-01 -6.48925781e+00]     [ 533.691406        470.214844        0.003219          -648.925441        ]      -55387.70707552634      -55377.33806599722  
                                                                                  [ 1.000000          1.000000          0.083335          1.000000           ]  
                                                                                  [ 533.691406        470.214844        0.038624          -648.925723        ]  
  False     [-1.99462891e+02 -7.64892578e+02 -2.44140625e-01  5.94482422e+00]     [ -199.462891       -764.892578       0.003513          594.482322         ]      -55387.708613400166     -55377.33960486062  
                                                                                  [ 1.000000          1.000000          0.004410          1.000000           ]  
                                                                                  [ -199.462891       -764.892578       0.796626          594.482418         ]  
   True     [ 2.99926758e+02  8.33374023e+02  6.10351562e-01 -2.05688477e+00]     [ 299.903910        833.310311        1.371316          -0.345401          ]      -63885.06309684081      -63863.882882853126 
                                                                                  [ 1.000007          1.000051          0.000001          0.000008           ]  
                                                                                  [ 299.901943        833.268089        1378050.448432    -42697.412784      ]  
  False         [ 233.27636719 -500.36621094    1.34277344 -808.9599609 ]         [ 233.276367        -500.366211       0.002582          -808.959065        ]      -55387.7042170291       -55377.33520612574  
                                                                                  [ 1.000000          1.000000          7.341788          1.000003           ]  
                                                                                  [ 233.276367        -500.366211       0.000352          -808.956695        ]  
   True         [-333.25195312  466.55273438    0.73242188  687.2558593 ]         [ -301.697768       439.826137        -1.371316         0.345401           ]      -63885.063115671495     -63863.88290186261  
                                                                                  [ 1.000496          1.000341          0.000001          0.000008           ]  
                                                                                  [ -301.548254       439.676229        -1368830.881872   42701.875798       ]  
  False           [ 399.4140625 -706.0546875   -0.9765625  217.773437 ]           [ 399.414062        -706.054687       0.009591          217.770413         ]      -55387.77043560751      -55377.40147922035  
                                                                                  [ 1.000000          1.000000          0.150666          0.999993           ]  
                                                                                  [ 399.414062        -706.054687       0.063660          217.772020         ]  
  False     [-9.97314453e+01  6.33422852e+02  3.66210938e-01 -6.06811523e+00]     [ -98.893896        628.166441        1.371316          0.345401           ]      -63885.063106908514     -63863.882890477136 
                                                                                  [ 1.000000          1.000012          0.000001          0.000008           ]  
                                                                                  [ -98.893865        628.158765        1396404.184245    42703.882171       ]  
  False     [-2.83508301e+02 -2.83508301e+02  6.10351562e-02 -9.07653809e+00]     [ -222.283217       -222.281591       -1.371316         -0.345401          ]      -63885.063171181006     -63863.88295804692  
                                                                                  [ 1.012836          1.012837          0.000001          0.000008           ]  
                                                                                  [ -219.466169       -219.464393       -1369666.696747   -42698.342529      ]  
   True     [ 6.33422852e+02 -9.97314453e+01  1.22070312e-01  6.46362305e+00]     [ 626.307816        -98.611279        -1.371316         0.345401           ]      -63885.06310703394      -63863.88289314304  
                                                                                  [ 1.000017          1.000000          0.000001          0.000008           ]  
                                                                                  [ 626.296969        -98.611237        -1371914.226723   43221.267498       ]  
  False         [-499.145508    -88.2568359    -0.61035156   -6.74194336]         [ -499.145508       -88.256836        0.003098          -674.193849        ]      -55387.70649627054      -55377.337487787016 
                                                                                  [ 1.000000          1.000000          0.219228          1.000000           ]  
                                                                                  [ -499.145508       -88.256836        0.014132          -674.194172        ]  
  False           [-133.7890625 -133.7890625    0.9765625  329.101562 ]           [ -111.017741       -111.010341       -1.371316         -0.345401          ]      -63885.06342712705      -63863.88321642233  
                                                                                  [ 1.001172          1.001173          0.000001          0.000008           ]  
                                                                                  [ -110.887739       -110.880312       -1431642.096054   -42701.351033      ]  
  False         [-283.99658203  338.07373047   -2.38037109 -575.1342773 ]         [ -283.996581       338.073730        -0.003632         -575.142907        ]      -55387.70929107842      -55377.34028595902  
                                                                                  [ 1.000000          1.000000          36.652726         1.000466           ]  
                                                                                  [ -283.996581       338.073730        -0.000099         -574.874992        ]  
  False         [ -34.05761719  265.01464844   -1.34277344 -340.4541015 ]         [ -41.419087        254.493769        1.371316          0.345401           ]      -63885.063212482615     -63863.882999740665 
                                                                                  [ 1.001827          1.086549          0.000001          0.000008           ]  
                                                                                  [ -41.343533        234.222077        1372905.841158    43027.088997       ]  
  False     [ 1.66137695e+02 -3.82446289e+02 -3.66210938e-01 -1.33056641e+00]     [ 166.137578        -382.446019       -1.371316         -0.345401          ]      -63885.063134466334     -63863.88292083559  
                                                                                  [ 1.000522          1.002769          0.000001          0.000008           ]  
                                                                                  [ 166.050850        -381.390019       -1369074.217526   -42584.754231      ]  
   True                       [-1000. -1000. -1000. -1000.]                       [ -999.989860       -999.989861       -1426.393518      -1426.396092       ]      -49534.18158370515      -49530.27053564741  
                                                                                  [ 1.005033          1.005031          8898174.810000    8898282.260000     ]  
                                                                                  [ -994.982550       -994.984284       -0.000160         -0.000160          ]  
   True         [ 482.60498047 -397.27783203  992.73681641  998.1079101 ]         [ 482.478157        -397.173424       1417.808441       1425.481975        ]      -49534.1815073303       -49530.27046050814  
                                                                                  [ 1.776750          1.526444          8725784.620000    8820568.680000     ]  
                                                                                  [ 271.550949        -260.195211       0.000162          0.000162           ]  
  False         [-800.29296875  933.10546875    1.46484375 -771.9726562 ]         [ -877.397954       987.851700        -1.371316         -0.345401          ]      -63885.06309093968      -63863.88287704408  
                                                                                  [ 1.003168          1.001592          0.000001          0.000008           ]  
                                                                                  [ -874.627170       986.281687        -1369659.090599   -42964.123823      ]  
   True     [ 9.33105469e+02 -8.00292969e+02  4.88281250e-01 -5.69824219e+00]     [ 932.640320        -799.894019       -1.371316         -0.345401          ]      -63885.06309169247      -63863.88287765579  
                                                                                  [ 1.000000          1.000000          0.000001          0.000008           ]  
                                                                                  [ 932.640171        -799.893923       -1370362.222705   -43007.609720      ]  
  False     [-1.82922363e+02  9.85046387e+02 -9.15527344e-01 -8.73474121e+00]     [ -182.143566       981.023294        -1.371316         -0.345401          ]      -63885.06309457         -63863.88288055779  
                                                                                  [ 1.000529          1.015628          0.000001          0.000008           ]  
                                                                                  [ -182.047336       965.927813        -1366641.655538   -42650.262334      ]  
   True         [ 699.58496094 -970.58105469   -1.09863281  410.2783203 ]         [ 699.719740        -970.654611       -1.371316         0.345401           ]      -63885.06309199528      -63863.88287796167  
                                                                                  [ 1.000000          1.000000          0.000001          0.000008           ]  
                                                                                  [ 699.719600        -970.654242       -1387981.154100   42704.112407       ]  
   True     [-5.67016602e+02  8.52661133e+02 -1.22070312e-01  2.39379883e+00]     [ -566.981443       852.608267        -1.371316         0.345401           ]      -63885.063094141886     -63863.882880128636 
                                                                                  [ 1.000000          1.000000          0.000001          0.000008           ]  
                                                                                  [ -566.981409       852.608148        -1376631.567709   43415.884824       ]  
  False         [ 766.72363281 -699.82910156    2.56347656  913.4521484 ]         [ 766.723633        -699.829101       0.002287          913.460610         ]      -55387.70308585575      -55377.334072108635 
                                                                                  [ 1.000000          1.000000          117.528668        1.001270           ]  
                                                                                  [ 766.723633        -699.829101       0.000019          912.301704         ]  
  False         [  49.98779297  750.18310547    3.47900391 -940.3686523 ]         [ 49.987793         750.183103        -0.002221         -940.407420        ]      -55387.70286197574      -55377.33384873173  
                                                                                  [ 1.000000          1.000000          451.593141        1.055856           ]  
                                                                                  [ 49.987793         750.183103        -0.000005         -890.659129        ]  
  False         [-899.78027344 -558.71582031   -1.83105469  777.2216796 ]         [ -899.780273       -558.715820       -0.002687         777.222157         ]      -55387.704633006455     -55377.33562053715  
                                                                                  [ 1.000000          1.000000          0.000000          1.000001           ]  
                                                                                  [ -899.780273       -558.715820       -3268748.134637   777.221046         ]  
   True           [ 932.6171875  823.2421875   -2.9296875 -916.992187 ]           [ 932.617187        823.242187        -0.002278         -917.009431        ]      -55387.70305271152      -55377.33403871837  
                                                                                  [ 1.000000          1.000000          1.000000          1.000000           ]  
                                                                                  [ 932.617187        823.242187        -0.002278         -917.009431        ]  
  False         [-333.74023438 -411.86523438   -2.68554688  830.3222656 ]         [ -333.740233       -411.865233       -0.002515         830.334323         ]      -55387.70395582205      -55377.33494492974  
                                                                                  [ 1.000000          1.000000          123.859901        1.002476           ]  
                                                                                  [ -333.740233       -411.865233       -0.000020         828.283113         ]  
   True         [ 367.06542969  205.68847656   -1.58691406 -972.0458984 ]         [ 367.065429        205.688476        -0.002149         -972.045470        ]      -55387.702641506774     -55377.3336311751   
                                                                                  [ 1.000000          1.000000          33.258766         1.000002           ]  
                                                                                  [ 367.065429        205.688476        -0.000065         -972.043186        ]  
  False         [-500.36621094  233.27636719    1.09863281  942.2607421 ]         [ -500.366211       233.276367        -0.002217         942.259972         ]      -55387.70285657214      -55377.33384453377  
                                                                                  [ 1.000000          1.000000          4.303922          1.000002           ]  
                                                                                  [ -500.366211       233.276367        -0.000515         942.258370         ]  
  False             [ 533.203125 -400.390625    1.953125 -865.23437 ]             [ 537.011655        -415.237391       1.371316          -0.345401          ]      -63885.06310436516      -63863.88289089322  
                                                                                  [ 1.000038          1.000166          0.000001          0.000008           ]  
                                                                                  [ 536.991180        -415.168265       1378454.544734    -43109.688216      ]  
   True         [-199.95117188  866.45507812    2.19726562  887.9394531 ]         [ -199.951172       866.455078        -0.002352         887.942717         ]      -55387.70332459927      -55377.334311339924 
                                                                                  [ 1.000000          1.000000          63.579302         1.000137           ]  
                                                                                  [ -199.951172       866.455078        -0.000037         887.821148         ]  
  False         [-100.21972656 -735.22949219   -2.07519531 -875.8544921 ]         [ -100.219727       -735.229492       -0.002385         -875.856588        ]      -55387.703447457854     -55377.33443474138  
                                                                                  [ 1.000000          1.000000          48.998280         1.000049           ]  
                                                                                  [ -100.219727       -735.229492       -0.000049         -875.814023        ]  
  False           [ 67.13867188 882.56835938  -1.22070312 798.5839843 ]           [ 67.138672         882.568359        -0.002616         798.583042         ]      -55387.70433958979      -55377.33532751219  
                                                                                  [ 1.000000          1.000000          45.189882         1.000017           ]  
                                                                                  [ 67.138672         882.568359        -0.000058         798.569155         ]  
  False         [-666.50390625 -353.02734375   -1.46484375 -946.7773437 ]         [ -654.715343       -346.800002       -1.371316         -0.345401          ]      -63885.06310143693      -63863.882887566986 
                                                                                  [ 1.000310          1.000087          0.000001          0.000008           ]  
                                                                                  [ -654.512418       -346.769868       -1383455.766501   -42701.506696      ]  
  False           [767.21191406 676.63574219  -0.85449219 573.1201171 ]           [ 769.052693        675.215693        1.371316          0.345401           ]      -63885.06309415         -63863.88288021075  
                                                                                  [ 1.000733          1.000494          0.000001          0.000008           ]  
                                                                                  [ 768.489582        674.882450        1370207.209388    42916.392283       ]  
  False     [-7.33154297e+02 -7.33154297e+02  2.44140625e-01 -2.42919922e+00]     [ -733.106720       -733.106710       -1.371316         0.345401           ]      -63885.06309394443      -63863.88288000314  
                                                                                  [ 1.000000          1.000000          0.000001          0.000008           ]  
                                                                                  [ -733.106471       -733.106461       -1360280.188151   42302.636351       ]  
  False           [833.37402344 299.92675781   1.83105469 370.2392578 ]           [ 832.995590        299.792545        -1.371316         0.345401           ]      -63885.063096849124     -63863.88288278735  
                                                                                  [ 1.000000          1.000000          0.000001          0.000008           ]  
                                                                                  [ 832.995532        299.792542        -1383613.746067   42856.367145       ]  
   True     [-9.66430664e+02 -4.33471680e+02  8.54492188e-01  4.11376953e+00]     [ -966.430428       -433.471574       -1.371316         0.345401           ]      -63885.06309362         -63863.88287959852  
                                                                                  [ 1.000007          1.000001          0.000001          0.000008           ]  
                                                                                  [ -966.423228       -433.470924       -1369658.789638   42856.058431       ]  
  False         [ 999.26757812 -176.51367188   -1.70898438 -365.9667968 ]         [ 999.471816        -175.674896       -1.371316         -0.345401          ]      -63885.06309428684      -63863.882880793346 
                                                                                  [ 1.000000          1.000000          0.000001          0.000008           ]  
                                                                                  [ 999.471796        -175.674824       -1369895.426809   -42847.440327      ]  
  False     [-8.66943359e+02  5.88378906e+01 -7.32421875e-01 -3.88183594e+00]     [ -866.942921       58.837861         1.371316          0.345401           ]      -63885.063097256796     -63863.882883495105 
                                                                                  [ 1.000137          1.000001          0.000001          0.000008           ]  
                                                                                  [ -866.823741       58.837824         1382527.903092    42713.397230       ]  
   True           [882.99560547  73.42529297  -1.40380859 101.6235351 ]           [ 882.987420        73.424610         1.371316          -0.345401          ]      -63885.0630968313       -63863.88288284351  
                                                                                  [ 1.000233          1.000002          0.000001          0.000008           ]  
                                                                                  [ 882.782138        73.424492         1383690.692110    -42735.827030      ]  
  False         [-433.47167969 -966.43066406    1.58691406 -378.540039  ]         [ -433.471680       -966.430664       -0.005518         -378.538933        ]      -55387.72265883952      -55377.3536615955   
                                                                                  [ 1.000000          1.000000          3.152458          1.000001           ]  
                                                                                  [ -433.471680       -966.430664       -0.001750         -378.538411        ]  
  False     [ 2.99926758e+02  8.33374023e+02  6.10351562e-01 -2.05688477e+00]     [ 299.905941        833.315933        1.371316          0.345401           ]      -63885.063096840735     -63863.88288292706  
                                                                                  [ 1.000004          1.000029          0.000001          0.000008           ]  
                                                                                  [ 299.904804        833.291568        1368258.579317    42647.439078       ]  
   True         [  50.47607422 -867.49267578   -1.89208984 -546.3256835 ]         [ -1613.243970      -772.146181       -1.371316         -0.345401          ]      -63885.063088752475     -63863.88287468801  
                                                                                  [ 2.484684          1.004834          0.000001          0.000008           ]  
                                                                                  [ -649.275428       -768.431529       -1372101.815899   -42929.912455      ]  
   True     [ 5.33691406e+02  4.70214844e+02 -4.88281250e-01 -6.48925781e+00]     [ 528.696125        465.058581        1.371316          -0.345401          ]      -63885.06310307764      -63863.88288914904  
                                                                                  [ 1.000339          1.000276          0.000001          0.000008           ]  
                                                                                  [ 528.517148        464.930223        1369729.423328    -42714.571097      ]  
  False     [-1.99462891e+02 -7.64892578e+02 -2.44140625e-01  5.94482422e+00]     [ -199.462891       -764.892578       0.003513          594.482322         ]      -55387.70861340019      -55377.339604860535 
                                                                                  [ 1.000000          1.000000          0.004410          1.000000           ]  
                                                                                  [ -199.462891       -764.892578       0.796626          594.482418         ]  
  False     [-9.97314453e+01  6.33422852e+02  3.66210938e-01 -6.06811523e+00]     [ -98.865700        627.984700        1.371316          -0.345401          ]      -63885.063106920534     -63863.882893028596 
                                                                                  [ 1.000065          1.002664          0.000001          0.000008           ]  
                                                                                  [ -98.859249        626.316394        1370725.458983    -42804.543910      ]  
  False         [ 466.55273438 -333.25195312    1.70898438  983.1542968 ]         [ 466.552734        -333.251953       0.002124          983.154201         ]      -55387.702544373926     -55377.33353186833  
                                                                                  [ 1.000000          1.000000          28.537584         1.000000           ]  
                                                                                  [ 466.552734        -333.251953       0.000074          983.154103         ]  
   True     [-2.83508301e+02 -2.83508301e+02  6.10351562e-02 -9.07653809e+00]     [ -223.404732       -223.403384       -1.371316         -0.345401          ]      -63885.06317033         -63863.88295718693  
                                                                                  [ 1.001366          1.001366          0.000001          0.000008           ]  
                                                                                  [ -223.099977       -223.098618       -1385921.197555   -42705.684872      ]  
  False     [ 6.33422852e+02 -9.97314453e+01  1.22070312e-01  6.46362305e+00]     [ 627.023741        -98.723893        -1.371316         -0.345401          ]      -63885.06310699         -63863.88289316894  
                                                                                  [ 1.010957          1.000272          0.000001          0.000008           ]  
                                                                                  [ 620.228125        -98.697085        -1371307.959241   -43198.472669      ]  
  False     [-6.50207520e+02  5.16784668e+02  5.49316406e-01  4.74670410e+00]     [ -650.207520       516.784668        0.004400          474.669843         ]      -55387.71405984997      -55377.3450558057   
                                                                                  [ 1.000000          1.000000          0.000000          65.187296          ]  
                                                                                  [ -650.207520       516.784668        565974.854631     7.281631           ]  
  False         [ 233.27636719 -500.36621094    1.34277344 -808.9599609 ]         [ 267.346482        -502.800276       1.371316          -0.345401          ]      -63885.06311204         -63863.88289827461  
                                                                                  [ 1.000597          1.000126          0.000001          0.000008           ]  
                                                                                  [ 267.186950        -502.736816       1378025.728482    -42797.495324      ]  
   True         [-333.25195312  466.55273438    0.73242188  687.2558593 ]         [ -302.759159       440.320166        -1.371316         0.345401           ]      -63885.063115560326     -63863.88290175027  
                                                                                  [ 1.000502          1.000396          0.000001          0.000008           ]  
                                                                                  [ -302.607111       440.145908        -1384058.837778   42698.736103       ]  
  False           [ 399.4140625 -706.0546875   -0.9765625  217.773437 ]           [ 399.414062        -706.054687       0.009591          217.770413         ]      -55387.770435607556     -55377.40147922024  
                                                                                  [ 1.000000          1.000000          0.150666          0.999993           ]  
                                                                                  [ 399.414062        -706.054687       0.063660          217.772020         ]  
  False         [-283.99658203  338.07373047   -2.38037109 -575.1342773 ]         [ -283.996581       338.073730        -0.003632         -575.142907        ]      -55387.70929107844      -55377.34028595906  
                                                                                  [ 1.000000          1.000000          36.636333         1.000466           ]  
                                                                                  [ -283.996581       338.073730        -0.000099         -574.875113        ]  
  False     [-7.50793457e+02 -1.91223145e+02 -4.27246094e-01  3.05725098e+00]     [ -750.471374       -191.147104       -1.371316         0.345401           ]      -63885.06310013942      -63863.88288618301  
                                                                                  [ 1.000611          1.000040          0.000001          0.000008           ]  
                                                                                  [ -750.013266       -191.139537       -1370185.249380   42814.236149       ]  
  False         [ -34.05761719  265.01464844   -1.34277344 -340.4541015 ]         [ -34.057617        265.014648        0.006135          -340.451960        ]      -55387.72832553521      -55377.35934360522  
                                                                                  [ 1.000022          1.001401          0.000000          119.841253         ]  
                                                                                  [ -34.056872        264.643911        142224.969559     -2.840858          ]  
  False           [-133.7890625 -133.7890625    0.9765625  329.101562 ]           [ -113.135577       -113.121853       -1.371316         0.345401           ]      -63885.06341449794      -63863.883203673155 
                                                                                  [ 1.000874          1.000874          0.000001          0.000008           ]  
                                                                                  [ -113.036732       -113.023042       -1369659.979803   43439.177096       ]  
  False         [-499.145508    -88.2568359    -0.61035156   -6.74194336]         [ -480.650353       -87.480708        1.371316          -0.345401          ]      -63885.0631213405       -63863.88290595579  
                                                                                  [ 1.000154          1.000001          0.000001          0.000008           ]  
                                                                                  [ -480.576248       -87.480660        1380880.691659    -42711.023041      ]  
