  Success                               Starting point                                                              Result point                                     Starting Value       Result Value    
  False       [1.01996094e+00 5.85937500e-05 1.32929688e+00 3.68359375e+00]       [ 1.019950          0.000000          1.284266          -0.000000          ]      -799780497918.702       592654.2510071156   
                                                                                  [ 0.000000          0.000000          0.000000          0.000000           ]  
                                                                                [ 787879620974405690064896.00000018150523960350.57812558033116715875233014355690589782016.000000-11621113312760573952.000000 ]
  False       [1.02012207e+00 1.06201172e-03 1.33149414e+00 3.97509766e+00]       [ 1.019810          -0.000001         1.268793          0.000002           ]      -796949372565.0126      491508.2782525035   
                                                                                  [ -0.000000         -0.000000         -0.000000         0.000000           ]  
                                                                                [ -294271448459182592.00000034754261224.107224-308629981674483.3750002504377523.913914  ]
  False       [1.01952148e+00 3.07617188e-04 1.30439453e+00 3.99316406e+00]       [ 1.019800          0.000000          1.303820          0.000000           ]      -804580267729.2361      856026.862367475    
                                                                                  [ 0.000000          0.000000          0.000000          0.000000           ]  
                                                                                [ 171749311702672689010831742195466240.0000003577204584723231801344.0000006410211817724114944.0000002598786827991.241699 ]
  False       [1.01877441e+00 5.61523438e-05 1.35786133e+00 3.89892578e+00]       [ 1.020114          -0.000627         1.238680          -0.000073          ]      -765438003631.2222      337596.23083398974  
                                                                                  [ 0.000000          -0.000000         0.000000          0.000000           ]  
                                                                                [ 35122955098500464.0000004795003337133.4267588006021685010.261719-119113463632.615448 ]
  False       [1.01977051e+00 1.04980469e-04 1.39204102e+00 3.77587891e+00]       [ 1.019737          -0.000105         1.238231          0.000016           ]      -784907397510.7932      469781.13917549263  
                                                                                  [ -0.000000         -0.000000         0.000000          -0.000000          ]  
                                                                                [ -971684627650057728.0000003350768164059.80029321060410133359.660156-344013032.273311  ]
  False       [1.02020996e+00 1.87988281e-04 1.36713867e+00 3.59326172e+00]       [ 1.019738          -0.000030         1.244461          -0.000008          ]      -788966396684.7993      436446.2397938785   
                                                                                  [ 0.000000          -0.000000         0.000000          0.000000           ]  
                                                                                [ 20753043523950540.00000016695752349642.009766721909379937068.250000-113215740834.872009 ]
  False       [1.02016602e+00 4.34570313e-04 1.38701172e+00 3.47167969e+00]       [ 1.019784          -0.000000         1.362667          -0.000000          ]      -809549708537.8802      466277.9541932727   
                                                                                  [ 0.000000          0.000000          0.000000          0.000000           ]  
                                                                                [ 20246835841614198358409216.000000-82849775176972384.000000120475447730845770588356608.000000-136139418182791.328125 ]
  False       [1.02047363e+00 7.69042969e-04 1.30219727e+00 3.61181641e+00]       [ 1.019754          -0.000013         1.320145          -0.000002          ]      -805004427480.8503      516667.60803928785  
                                                                                  [ 0.000000          -0.000000         0.000000          0.000000           ]  
                                                                                [ 85700831401833408.0000005229888648449.69433616414238555574988.000000-976497238573.984741 ]
  False       [1.01959473e+00 9.35058594e-04 1.35200195e+00 3.49658203e+00]       [ 1.019871          0.000000          1.366372          -0.000000          ]      -809203783347.7399      590631.4885485149   
                                                                                  [ 0.000000          0.000000          0.000000          0.000000           ]  
                                                                                [ 6798467376220194811641069568.0000006401743922534823.0000008004657888044778481260529457349787648.000000-440118772970850811904.000000 ]
  False       [1.01848145e+00 7.88574219e-04 1.39790039e+00 3.37353516e+00]       [ 1.019767          -0.000013         1.238054          -0.000003          ]      -788674233603.184       541425.4491318627   
                                                                                  [ -0.000000         0.000000          0.000000          0.000000           ]  
                                                                                [ -2181815705027287.250000-9738681954136.888672177995281709270.593750-8918326121.701706 ]
  False       [1.01928711e+00 3.46679687e-04 1.36298828e+00 3.34472656e+00]       [ 1.019780          0.000015          1.260396          0.000142           ]      -793883540534.3857      515640.819783974    
                                                                                  [ -0.000000         -0.000000         0.000000          0.000000           ]  
                                                                                [ -132540508971265.187500-36488786729.69039215824535969733.60351618276540822.856884 ]
  False       [1.02003418e+00 6.86035156e-04 1.37709961e+00 3.18115234e+00]       [ 1.019885          0.000000          1.255914          0.000000           ]      -793591806761.4496      618344.8019723853   
                                                                                  [ 0.000000          0.000000          0.000000          0.000000           ]  
                                                                                [ 43713206604876505963036672.0000008706681919499841.00000011811408774251333512571532158529699840.000000693371512906953916416.000000 ]
  False       [1.01994629e+00 5.63964844e-04 1.32426758e+00 3.25048828e+00]       [ 1.019874          -0.000000         1.306458          0.000000           ]      -803991075151.9803      590833.2144212963   
                                                                                  [ -0.000000         -0.000000         0.000000          0.000000           ]  
                                                                                [ -14544632044846452.0000002820037190.086742 238572520677041.468750311854839.054839   ]
  False       [1.01878906e+00 5.66406250e-04 1.38789062e+00 3.03515625e+00]       [ 1.020242          -0.000109         1.253292          -0.000022          ]      -784981074308.971       462435.61594796367  
                                                                                  [ 0.000000          -0.000000         0.000000          0.000000           ]  
                                                                                [ 34142143080348044.0000006564241128311.042969179290574129400.468750-3823409423.734700 ]
  False               [1.01963867 0.00177246 1.37587891 0.305957  ]               [ 1.019977          -0.000000         1.262412          -0.000000          ]      -794257185603.2957      741854.6441057676   
                                                                                  [ 0.000000          0.000000          0.000000          0.000000           ]  
                                                                                [ 29731719901368673872517275844608.000000-1113497392664727.00000029888669844204620349440.000000-22166225174327.734375 ]
  False       [1.01944824e+00 3.14941406e-04 1.34936523e+00 3.06787109e+00]       [ 1.019605          -0.000001         1.286851          -0.000029          ]      -798929042523.87        549209.3062985822   
                                                                                  [ -0.000000         -0.000000         -0.000000         -0.000000          ]  
                                                                                [ -14752824448153704.00000091483455541.366058-130580233352998528.000000219257750485.334595 ]
  False       [1.02025391e+00 8.10546875e-04 1.31464844e+00 3.08789062e+00]       [ 1.019876          0.000000          1.321423          -0.000000          ]      -807082784377.078       799808.6079603822   
                                                                                  [ 0.000000          0.000000          0.000000          0.000000           ]  
                                                                                [ 55059609889216382304176308224.000000586447250453060.875000267603658115101590705668096.000000-3073399204239.908691 ]
